2457673.681063       -1035.6       36.4
2457837.003694        7496.3       57.7
2457852.955196        8837.5       44.9
2457887.910814       11728.5       45.9
2457900.950751       12698.9       29.7
2457933.852629       15042.6       56.7
2457993.757563       16994.3       43.0
2458003.685366       16993.6       41.6
2458019.721619       16882.9       60.5
2458041.635833       16263.7       40.3
2458053.657206       15801.0       47.2
2458069.605155       14854.8       30.1
2458083.611822       13968.2       36.3
2458176.024148        6575.9       62.8
2458213.987350        3587.3       50.4
2458226.954024        2728.0       75.6
2458260.922768         832.4       36.8
2458280.758173         -47.2       34.1
2458302.859481        -641.7       31.5
2458331.709435       -1016.7       43.4
2458418.621235         881.9       71.8
2458449.582193        2481.2       98.4