2457909.911087       13675.1       54.0
2457936.848926       12158.5       33.9
2457994.827804        7096.8       57.4
2458008.767304        5715.1       55.3
2458020.742131        4529.4       53.8
2458040.640437        2376.5       53.6
2458063.596361         393.2       40.4
2458069.651888          -4.8       40.3
2458218.968333       -1581.9       57.0
2458258.936142         719.2       41.4
2458277.840123        2012.8       53.4
2458302.954504        3603.3       69.9
2458321.909619        4886.2       49.6
2458378.816888        8740.4       65.8
2458424.590847       11521.2       66.3
2458450.589230       12996.9       62.5