2457901.792729      -12109.6       53.0
2457933.882860       -8154.1       63.8
2457993.782749       -1908.3       60.5
2458003.730984       -1151.3       45.5
2458019.667095         -29.1       53.6
2458040.682118        1110.5       87.0
2458052.679448        1601.6       48.4
2458067.590743        1759.7       52.7
2458080.593404        1600.2       38.3
2458210.965363      -16952.9       69.1
2458227.968900      -18806.8       80.2
2458263.929846      -18376.9       45.0
2458273.938566      -17586.0       43.7
2458302.920198      -14381.0       53.5
2458331.674924      -10714.3       77.6
2458397.754797       -3150.5       61.2
2458428.621983        -679.6       86.2
2458444.607887         495.2       68.6